# spins \ etas
nan 1.000000000000000021e-02 3.593813663804625805e-03 1.291549665014883998e-03 4.641588833612782196e-04 1.668100537200059119e-04 5.994842503189408905e-05 2.154434690031886725e-05 7.742636826811276894e-06 2.782559402207125977e-06 9.999999999999999547e-07
-9.000000000000000222e-01 2.902716704066864769e-04 2.965152692646906389e-04 8.604248370036359297e-04 5.242416717175001420e-04 4.288282891988766193e-04 3.829277008073493009e-04 3.066007547795617937e-04 2.473862925678489547e-04 1.998753294148577977e-04 1.253385135183531234e-04
-7.941176470588235947e-01 6.984916038475950592e-04 1.286930692570201424e-03 9.844496818395083362e-04 6.067913983916354073e-04 4.559123372898350539e-04 4.169718132163737737e-04 3.335739044452356509e-04 2.591560756883352348e-04 3.248743133547377267e-04 1.796914545453871673e-04
-6.882352941176470562e-01 7.934426466879223932e-04 2.049043073484874014e-04 1.024019101431471223e-03 2.485929400256454394e-04 4.736631429092662163e-04 4.480469732948238180e-04 3.792226026769420118e-04 3.786907011794584570e-04 2.249031533724037103e-04 2.384192322303161900e-04
-5.823529411764706287e-01 5.974225898747880263e-04 3.156645445689941249e-04 7.789687888854951231e-04 7.471453075236969945e-04 5.140920524868088006e-04 4.819839746357190919e-04 3.947554360060159567e-04 3.174394648810685711e-04 2.660791660217055096e-04 2.170589504404117653e-04
-4.764705882352941457e-01 1.154630372428700315e-04 1.297805934015679435e-03 2.569793345884885958e-04 5.341447507642484724e-04 6.605639986866977632e-04 5.133685279445683201e-04 4.475371555440227247e-04 3.127561241582472941e-04 2.770262199856958788e-04 3.072985387416483092e-04
-3.705882352941176627e-01 1.651504210467465107e-03 6.906400205242749484e-04 1.338709330635209688e-04 2.314179194173082482e-04 5.692398840693173485e-04 5.573016350239665259e-04 4.854982686810148883e-04 4.276483077488015222e-04 2.986460511536339680e-04 2.574033417343301938e-04
-2.647058823529412352e-01 2.946031879024228403e-03 3.484489155177251701e-04 4.002746517168632523e-04 4.060942757298308049e-04 5.124124129767292698e-04 5.832198422951538185e-04 5.265005291583493580e-04 4.425275280196012007e-04 3.093312799429773110e-04 2.719773310051083206e-04
-1.588235294117646967e-01 1.767170662334642843e-03 2.083699910653633990e-04 1.391854946947472787e-03 6.031118553135134076e-04 8.015707745519111459e-04 6.509559778743016518e-04 5.761165084403022281e-04 4.502590688996283529e-04 5.792483586120055232e-04 5.327150642858063988e-04
-5.294117647058826925e-02 4.537467047368487277e-04 2.130233240597618691e-03 5.272123005515038166e-04 5.880376479432597231e-04 5.920730991095195630e-04 7.161446403188957179e-04 6.435162997512871696e-04 5.963710039891688582e-04 6.459629538702316414e-04 7.188024078575170131e-04
5.294117647058815823e-02 1.931547315401556690e-04 4.937028757021072337e-04 1.752387498375017469e-04 3.732890094765169121e-04 8.711519769604484341e-04 7.857617838961689517e-04 9.016610296336674806e-04 6.387784739914839768e-04 6.222712937592229801e-04 6.888641117860771091e-04
1.588235294117646967e-01 5.911245737576163424e-04 1.884842285352307989e-04 1.746945823106896192e-03 6.317530801234771693e-04 7.015064695659789431e-04 8.764354202395549130e-04 8.135400089533706717e-04 9.700256518910560120e-04 5.690056059893622373e-04 4.955578428683084452e-04
2.647058823529412352e-01 8.793072466506633971e-04 7.923987434476932037e-05 2.096784257930462282e-04 1.562573915644464807e-03 1.133344384545797437e-03 9.745218026892594641e-04 9.401856273719301884e-04 1.007080347671060819e-03 7.033563356066930769e-04 5.793359778634175677e-04
3.705882352941175517e-01 9.806631679241590606e-04 2.115739912695132740e-03 1.340298256355645663e-03 5.378732523234977265e-04 7.635286917242830760e-04 1.239399421818903994e-03 1.071797300006830777e-03 1.144291667874593708e-03 8.641977804598282003e-04 7.256301026929412850e-04
4.764705882352940902e-01 9.484732311007537924e-04 2.789102671843091477e-03 6.029057676783276332e-04 1.921811843964954178e-03 9.257899849624996865e-04 1.205803142805783341e-03 1.248894788246052807e-03 1.162260687035837972e-03 1.075956771804484563e-03 1.126025573581002255e-03
5.823529411764706287e-01 7.998657009678366995e-04 8.761571527989444165e-04 1.950894754613547973e-03 1.728399797460450577e-03 1.982054838990253594e-03 1.691927747025305300e-03 1.525936337414517639e-03 1.522637516611583452e-03 1.386417643522308606e-03 1.378851692296262149e-03
6.882352941176469452e-01 4.537413970384659252e-04 1.515529489200416393e-04 5.367161800526609478e-04 1.203159664396818247e-03 1.802332950860211988e-03 1.873557494366658374e-03 2.015877284544593303e-03 1.910571921699581906e-03 1.995129520850355033e-03 2.113900693309661138e-03
7.941176470588234837e-01 2.784221563776312336e-04 1.385265724559940203e-04 4.729246486075942835e-03 1.367584682130677277e-03 1.809436272338326357e-03 2.609768013299974126e-03 2.844772634962584000e-03 2.701997957468304547e-03 2.886038905554376768e-03 3.377857909004139056e-03
9.000000000000000222e-01 2.144907639176976254e-03 1.257664241899384989e-03 2.138995747096685170e-03 2.345423272587909402e-03 3.751446733712780930e-03 4.461804245043071541e-03 4.071270778669441523e-03 4.561480843370877176e-03 6.619010608263199182e-03 1.000483217654124686e-02
