# spins \ etas
nan 1.000000000000000021e-02 3.593813663804625805e-03 1.291549665014883998e-03 4.641588833612782196e-04 1.668100537200059119e-04 5.994842503189408905e-05 2.154434690031886725e-05 7.742636826811276894e-06 2.782559402207125977e-06 9.999999999999999547e-07
-9.000000000000000222e-01 3.401843493359966043e-03 1.189379866304862438e-03 1.691990562417644561e-03 7.138412201747862786e-04 4.578209593724915554e-04 3.173924331545835984e-04 2.155573739348592152e-04 9.975187900522513489e-05 1.124931013943602696e-04 4.360840348349523133e-05
-7.941176470588235947e-01 4.586646962866507658e-03 4.346706898654141213e-03 2.045362066506376583e-03 1.020838434945075873e-03 5.002613957033099626e-04 3.454047733495612033e-04 2.448467028989486337e-04 1.730908513605730885e-04 4.830913836726357627e-04 7.739014893794639706e-05
-6.882352941176470562e-01 5.054137436854073961e-03 2.146945117076503803e-03 2.393725934405577412e-03 5.264700291344090975e-04 5.362321986542371421e-04 3.778705864720598119e-04 2.650058299256797352e-04 1.410902994590083643e-04 1.252786154866016694e-04 1.257604067055379969e-04
-5.823529411764706287e-01 3.432744239690894896e-03 1.486763823628942062e-03 2.217939687340303532e-03 1.306794300335350134e-03 5.934291131802703042e-04 4.155042752331027729e-04 2.766359754494773868e-04 2.148092539122353089e-04 1.656194519682758083e-04 7.183634666368038163e-05
-4.764705882352941457e-01 3.592352740350765548e-03 5.375369447174772539e-03 8.824117741948493340e-04 8.654306846810362998e-04 7.754082816226476197e-04 4.524245937181296091e-04 3.388768712098590825e-04 1.728595491265271606e-04 2.250919641593266676e-04 1.531738902908263500e-04
-3.705882352941176627e-01 1.200140116583928857e-02 3.152099140872758991e-03 1.028006355693454436e-03 5.461531077576187599e-04 6.967584614047267217e-04 4.999355812277217308e-04 3.744064243122188036e-04 2.848073397722600633e-04 1.669213762524333672e-04 1.117492436074029168e-04
-2.647058823529412352e-01 1.488238244328339566e-02 2.406513694816264301e-03 1.587777183198197349e-03 8.242095392540328214e-04 6.301921415727694716e-04 5.360864945345143219e-04 3.080218022587572131e-04 2.944925862675855702e-04 9.399039520860228032e-05 7.314834052882821045e-05
-1.588235294117646967e-01 1.028836146478313493e-02 1.809031610890751186e-03 3.636690578500979040e-03 1.312478473914549483e-03 1.040607438027552414e-03 6.180582043280515459e-04 4.206437898632804716e-04 1.486211567247447125e-04 3.725852081121816062e-04 1.248246844708905527e-04
-5.294117647058826925e-02 7.966211890023517511e-03 8.209695200797555159e-03 2.031439311143416922e-03 1.319572157436716417e-03 8.488790966405098054e-04 7.020820472571387720e-04 4.731781276658820860e-04 4.291760319002095505e-04 8.629530297935161407e-04 1.750923692793575641e-04
5.294117647058815823e-02 6.702233145595485470e-03 4.219411862232526865e-03 1.775689689616072363e-03 7.674328537971995736e-04 1.308497059531488508e-03 7.991492825751031568e-04 7.053270167690665546e-04 4.085665755455679827e-04 2.960351294751558510e-04 2.036370613524298117e-04
1.588235294117646967e-01 6.167247282533263979e-03 3.179613661489832932e-03 5.406435628733325185e-03 1.456395049940656296e-03 1.112801476317678076e-03 9.292554673778580200e-04 6.249233450234599908e-04 7.659611354487119326e-04 2.736809859271336037e-04 1.787948113183661369e-04
2.647058823529412352e-01 7.518379727963776446e-03 1.791420333006965267e-03 1.239559155777251662e-03 3.618691326201073800e-03 1.757663347222944645e-03 1.080953895133776295e-03 7.444071780255307217e-04 6.283626683223327361e-04 3.432304213576892237e-04 2.168732440454704865e-04
3.705882352941175517e-01 8.761604317712648818e-03 1.368772425420112203e-02 4.907349830665645729e-03 1.541201449747473277e-03 1.298313018543578506e-03 1.447343845832209418e-03 8.874379339106851488e-04 8.811160768055538179e-04 4.047107146924599098e-04 2.653128721649527502e-04
4.764705882352940902e-01 9.002640961346890236e-03 1.714878654006923506e-02 2.771070641597222876e-03 5.282075821298740613e-03 1.682059681393043840e-03 1.497093841552374132e-03 1.080662942792190483e-03 7.221299261622123088e-04 5.117798096069980538e-04 4.388211853106581406e-04
5.823529411764706287e-01 8.298540397744710514e-03 1.015301830320157472e-02 8.856749253583252185e-03 4.977124967559662903e-03 3.954859401811615903e-03 2.263182955594663162e-03 1.395180092474453430e-03 9.480484726169173364e-04 5.883630981886770828e-04 4.062642431310343333e-04
6.882352941176469452e-01 8.138184936904850272e-03 8.135208659451718602e-03 4.034082380380710035e-03 4.176453983514772338e-03 3.889027559713936853e-03 2.728103475854401407e-03 1.976860234770575365e-03 1.238081505785876540e-03 8.315238895103231739e-04 5.513624253948565040e-04
7.941176470588234837e-01 1.197103037035556622e-02 9.048029359500425056e-03 2.676961185096141810e-02 5.614511000289611198e-03 4.592008332297216507e-03 4.419778817691392102e-03 3.081443598835295703e-03 1.846797993769425323e-03 1.241274369476690021e-03 8.139221991637976680e-04
9.000000000000000222e-01 4.539136105875180016e-02 1.972874992069299088e-02 1.872249470737639282e-02 1.189680009119182570e-02 1.153067239579897915e-02 8.866189448173966703e-03 5.160468196213852977e-03 3.369211486609158777e-03 2.339198283714428919e-03 1.551839361199918452e-03
